1669258725791 2257
1669258725824 18704
1669258725857 21445
1669258725891 23332
1669258725924 25210
1669258725957 38348
1669258725991 40960
1669258726024 42854
1669258726057 44521
1669258726091 59152
1669258726124 61567
1669258726157 63377
1669258726191 65033
1669258726224 77509
1669258726257 79951
1669258726291 81652
1669258726324 83365
1669258726357 94500
1669258726391 97076
1669258726424 98941
1669258726457 100625
1669258726491 109331
1669258726524 111337
1669258726557 113033
1669258726591 114337
1669258726624 125478
1669258726657 127679
1669258726691 129192
1669258726724 130798
1669258726757 141411
1669258726791 143607
1669258726824 145216
1669258726857 146690
1669258726891 161429
1669258726924 163801
1669258726957 165546
1669258726991 167226
1669258727024 180267
1669258727057 182895
1669258727091 184741
1669258727124 186561
1669258727157 201258
1669258727191 203869
1669258727224 205706
1669258727257 207400
1669258727291 220276
1669258727324 222869
1669258727357 224807
1669258727391 226732
1669258727424 238679
1669258727457 241746
1669258727491 243874
1669258727524 245814
1669258727557 254635
1669258727591 256968
1669258727624 258782
1669258727657 260439
1669258727691 271212
1669258727724 273476
1669258727757 275025
1669258727791 276510
1669258727824 288193
1669258727857 291129
1669258727891 293199
1669258727924 295339
1669258727957 312494
1669258727991 316148
1669258728024 318549
1669258728057 321016
1669258728091 335507
1669258728124 339089
1669258728157 341570
1669258728191 343948
1669258728224 358627
1669258728257 361564
1669258728291 363803
1669258728324 365827
1669258728357 378816
1669258728391 381685
1669258728424 383742
1669258728457 385620
1669258728491 397500
1669258728524 400222
1669258728557 402049
1669258728591 403793
1669258728624 412793
1669258728657 414855
1669258728691 416490
1669258728724 417867
1669258728757 428592
1669258728791 430672
1669258728824 432108
1669258728857 433447
1669258728891 443462
1669258728924 445675
1669258728957 447180
1669258728991 448587
1669258729024 462622
1669258729057 464562
1669258729091 466056
1669258729124 467289
1669258729157 479002
1669258729191 481241
1669258729224 482886
1669258729257 484583
1669258729291 497763
1669258729324 500507
1669258729357 502394
1669258729391 504170
1669258729424 516814
1669258729457 519754
1669258729491 521779
1669258729524 523798
1669258729557 535982
1669258729591 538958
1669258729624 541278
1669258729657 543406
1669258729691 554471
1669258729724 557553
1669258729757 559606
1669258729791 561718
1669258729824 575434
1669258729857 578596
1669258729891 580840
1669258729924 582874
1669258729957 594999
1669258729991 597630
1669258730024 599897
1669258730057 601788
1669258730091 617475
1669258730124 620244
1669258730157 622034
1669258730191 623936
1669258730224 637783
1669258730257 640666
1669258730291 642701
1669258730324 644560
1669258730357 659965
1669258730391 662459
1669258730424 664590
1669258730457 666310
1669258730491 678716
1669258730524 680995
1669258730557 682646
1669258730591 684455
1669258730624 695202
1669258730657 697428
1669258730691 699144
1669258730724 700521
1669258730757 709372
1669258730791 711484
1669258730824 713250
1669258730857 714725
1669258730891 725807
1669258730924 728186
1669258730957 729864
1669258730991 731566
1669258731024 742082
1669258731057 744509
1669258731091 746237
1669258731124 747774
1669258731157 762412
1669258731191 764548
1669258731224 766312
1669258731257 767673
1669258731291 779418
1669258731324 781633
1669258731357 783020
1669258731391 784607
1669258731424 798735
1669258731457 801087
1669258731491 802705
1669258731524 804235
1669258731557 816202
1669258731591 818448
1669258731624 820280
1669258731657 821778
1669258731691 832902
1669258731724 835290
1669258731757 836957
1669258731791 838775
1669258731824 848671
1669258731857 851309
1669258731891 853120
1669258731924 854821
1669258731957 866593
1669258731991 869234
1669258732024 871230
1669258732057 872867
1669258732091 884042
1669258732124 886675
1669258732157 888464
1669258732191 890428
1669258732224 906507
1669258732257 909412
1669258732291 911267
1669258732324 913308
1669258732357 927409
1669258732391 930435
1669258732424 932485
1669258732457 934529
1669258732491 950688
1669258732524 953857
1669258732557 956044
1669258732591 958160
1669258732624 971461
1669258732657 974403
1669258732691 976403
1669258732724 978352
1669258732757 989825
1669258732791 992425
1669258732824 994298
1669258732857 996047
1669258732891 1005719
1669258732924 1008250
1669258732957 1010199
1669258732991 1011961
1669258733024 1024220
1669258733057 1027022
1669258733091 1028914
1669258733124 1030847
1669258733157 1042828
1669258733191 1045449
1669258733224 1047346
1669258733257 1049125
1669258733291 1064476
1669258733324 1066882
1669258733357 1068700
1669258733391 1070423
1669258733424 1083239
1669258733457 1085760
1669258733491 1087469
1669258733524 1089234
1669258733557 1103965
1669258733591 1106433
1669258733624 1108178
1669258733657 1109729
1669258733691 1122060
1669258733724 1124231
1669258733757 1125941
1669258733791 1127363
1669258733824 1138406
1669258733857 1140297
1669258733891 1141736
1669258733924 1143106
1669258733957 1151639
1669258733991 1153653
1669258734024 1155033
1669258734057 1156282
1669258734091 1166849
1669258734124 1168946
1669258734157 1170596
1669258734191 1171946
1669258734224 1182105
1669258734257 1184259
1669258734291 1185832
1669258734324 1187460
1669258734357 1202512
1669258734391 1204974
1669258734424 1206588
1669258734472 1208264
1669258734501 1221357
1669258734527 1224275
1669258734557 1226383
1669258734591 1228188
1669258734624 1244028
1669258734657 1247174
1669258734691 1249307
1669258734724 1251503
1669258734757 1265403
1669258734791 1268832
1669258734824 1270891
1669258734857 1273175
1669258734891 1284795
1669258734924 1288078
1669258734957 1290450
1669258734991 1292303
1669258735024 1301141
1669258735057 1303761
1669258735091 1305610
1669258735124 1307303
1669258735157 1320068
1669258735191 1322776
1669258735224 1324530
1669258735257 1326401
1669258735291 1337891
1669258735324 1340611
1669258735357 1342582
1669258735391 1344399
1669258735424 1359830
1669258735457 1362374
1669258735491 1364237
1669258735524 1366036
1669258735557 1379935
1669258735591 1382516
1669258735624 1384399
1669258735657 1386316
1669258735691 1401352
1669258735724 1403901
1669258735757 1405763
1669258735791 1407293
1669258735824 1419975
1669258735857 1422381
1669258735891 1424247
1669258735924 1425969
1669258735957 1437363
1669258735991 1439719
1669258736024 1441379
1669258736057 1443067
1669258736091 1452066
1669258736124 1454558
1669258736157 1456324
1669258736191 1457939
1669258736224 1469595
1669258736257 1471991
1669258736291 1473693
1669258736324 1475410
1669258736357 1486054
1669258736391 1488280
1669258736424 1489866
1669258736457 1491448
1669258736491 1506426
1669258736524 1508840
1669258736557 1510503
1669258736591 1511880
1669258736624 1524115
1669258736657 1526198
1669258736691 1527909
1669258736724 1529221
1669258736757 1543805
1669258736791 1545907
1669258736824 1547374
1669258736857 1549100
1669258736891 1562175
1669258736924 1564942
1669258736957 1566724
1669258736991 1568431
1669258737024 1579638
1669258737057 1581920
1669258737091 1583649
1669258737124 1585171
1669258737157 1594348
1669258737191 1596434
1669258737224 1597987
1669258737257 1599503
1669258737291 1610823
1669258737324 1613193
1669258737357 1614744
1669258737391 1616217
1669258737424 1626689
1669258737457 1628701
1669258737491 1630442
1669258737524 1631937
1669258737557 1646274
1669258737591 1648177
1669258737624 1649484
1669258737657 1650889
1669258737691 1662805
1669258737724 1664876
1669258737757 1666359
1669258737791 1667741
1669258737824 1681904
1669258737857 1684315
1669258737891 1686175
1669258737924 1687768
1669258737957 1699787
1669258737991 1702125
1669258738024 1703805
1669258738057 1705326
1669258738091 1716337
1669258738124 1718934
1669258738157 1720825
1669258738191 1722458
1669258738224 1731516
1669258738257 1733808
1669258738291 1735521
1669258738324 1736985
1669258738357 1748236
1669258738391 1750412
1669258738424 1752055
1669258738457 1753550
1669258738491 1763688
1669258738524 1765869
1669258738557 1767294
1669258738591 1768672
1669258738624 1783059
1669258738657 1785070
1669258738691 1786580
1669258738724 1787905
1669258738757 1799603
1669258738791 1801742
1669258738824 1803282
1669258738857 1804730
1669258738891 1818406
1669258738924 1820587
1669258738957 1822039
1669258738991 1823496
1669258739024 1834943
1669258739057 1836817
1669258739091 1838276
1669258739124 1839433
1669258739157 1849978
1669258739191 1851650
1669258739224 1853066
1669258739257 1854365
1669258739291 1862164
1669258739324 1863829
1669258739357 1865195
1669258739391 1866473
1669258739424 1876454
1669258739471 1878382
1669258739498 1879766
1669258739532 1881004
1669258739558 1890713
1669258739591 1892355
1669258739624 1893695
1669258739657 1894930
1669258739691 1908792
1669258739724 1910602
1669258739757 1911879
1669258739791 1913191
1669258739824 1924602
1669258739857 1926622
1669258739891 1928068
1669258739924 1929384
1669258739957 1942813
1669258739991 1944583
1669258740024 1946195
1669258740057 1947533
1669258740091 1959039
1669258740124 1960955
1669258740157 1962422
1669258740191 1964127
1669258740224 1974331
1669258740257 1976332
1669258740291 1977889
1669258740324 1979200
1669258740357 1987247
1669258740391 1988847
1669258740424 1990205
1669258740457 1991391
1669258740491 2001877
1669258740524 2003769
1669258740557 2005230
1669258740591 2006647
1669258740624 2016341
1669258740657 2018356
1669258740691 2019718
1669258740724 2021178
1669258740757 2035143
1669258740791 2037111
1669258740824 2038574
1669258740857 2039916
1669258740891 2051686
1669258740924 2053645
1669258740957 2055174
1669258740991 2056611
1669258741024 2070110
1669258741057 2072145
1669258741091 2073538
1669258741124 2074861
1669258741157 2086500
1669258741191 2088411
1669258741224 2089819
1669258741257 2091003
1669258741291 2101394
1669258741324 2103134
1669258741357 2104557
1669258741391 2105765
1669258741424 2113755
1669258741457 2115473
1669258741491 2116700
1669258741524 2117919
1669258741557 2127720
1669258741591 2129561
1669258741624 2130991
1669258741657 2132159
1669258741691 2141797
1669258741724 2143563
1669258741757 2144912
1669258741791 2146327
1669258741824 2160192
1669258741857 2162041
1669258741891 2163363
1669258741924 2164580
1669258741957 2176011
1669258741991 2177926
1669258742024 2179376
1669258742069 2180623
1669258742096 2193954
1669258742124 2195789
1669258742157 2197221
1669258742191 2198512
1669258742224 2209811
1669258742257 2211770
1669258742291 2213100
1669258742337 2214357
1669258742363 2225021
1669258742391 2226839
1669258742424 2228422
1669258742457 2229657
1669258742491 2237883
1669258742524 2239762
1669258742557 2241296
1669258742591 2242709
1669258742624 2252859
1669258742657 2254717
1669258742691 2255941
1669258742724 2257224
1669258742757 2266789
1669258742791 2268605
1669258742824 2269928
1669258742857 2271300
1669258742891 2285058
1669258742924 2286697
1669258742957 2288127
1669258742991 2289391
1669258743024 2301293
1669258743057 2303506
1669258743091 2304998
1669258743124 2306539
1669258743157 2320909
1669258743191 2323516
1669258743224 2325458
1669258743257 2327110
1669258743291 2339045
1669258743324 2341288
1669258743357 2342976
1669258743391 2344465
1669258743424 2355714
1669258743457 2357906
1669258743491 2359405
1669258743524 2360905
1669258743557 2368957
1669258743591 2370820
1669258743624 2372286
1669258743657 2373498
1669258743691 2383749
1669258743724 2385664
1669258743757 2387181
1669258743791 2388360
1669258743824 2399062
1669258743857 2401342
1669258743891 2402872
1669258743924 2404510
1669258743957 2419800
1669258743991 2422318
1669258744024 2423977
1669258744057 2425481
1669258744091 2438907
1669258744124 2441466
1669258744157 2443440
1669258744191 2445286
1669258744224 2460525
1669258744257 2463151
1669258744291 2464932
1669258744324 2466764
1669258744357 2480015
1669258744391 2482715
1669258744424 2484318
1669258744457 2486178
1669258744491 2497889
1669258744524 2500833
1669258744557 2503016
1669258744591 2505150
1669258744624 2514838
1669258744657 2517838
1669258744691 2519774
1669258744724 2521650
1669258744757 2534510
1669258744791 2537670
1669258744824 2539636
1669258744857 2541431
1669258744891 2553393
1669258744924 2555986
1669258744957 2558004
1669258744991 2559641
1669258745024 2575891
1669258745057 2578504
1669258745091 2580336
1669258745124 2582083
1669258745157 2595764
1669258745191 2598251
1669258745224 2600074
1669258745257 2601748
1669258745306 2616851
1669258745324 2619068
1669258745357 2620780
1669258745391 2622329
1669258745424 2636206
1669258745457 2638504
1669258745491 2640237
1669258745524 2641865
1669258745557 2653474
1669258745591 2655734
1669258745624 2657363
1669258745657 2658898
1669258745691 2668276
1669258745724 2670551
1669258745757 2672299
1669258745791 2673905
1669258745824 2685421
1669258745857 2687594
1669258745891 2689149
1669258745924 2690594
1669258745957 2701167
1669258745991 2703291
1669258746024 2704989
1669258746057 2706440
1669258746091 2720802
1669258746124 2722818
1669258746157 2724407
1669258746191 2725702
1669258746224 2737984
1669258746257 2739983
1669258746291 2741358
1669258746324 2742649
1669258746357 2756691
1669258746391 2758670
1669258746424 2760108
1669258746457 2761391
1669258746491 2773477
1669258746524 2775610
1669258746557 2777140
1669258746591 2778613
1669258746624 2789666
1669258746657 2791663
1669258746691 2793106
1669258746724 2794334
1669258746757 2803138
1669258746791 2804851
1669258746824 2806062
1669258746857 2807254
1669258746891 2818077
1669258746924 2820016
1669258746957 2821458
1669258746991 2822738
1669258747024 2833104
1669258747057 2835059
1669258747091 2836494
1669258747124 2837914
1669258747157 2853168
1669258747191 2855434
1669258747224 2856897
1669258747257 2858551
1669258747291 2871462
1669258747324 2874074
1669258747357 2875866
1669258747391 2877608
1669258747424 2893098
1669258747457 2895469
1669258747491 2897248
1669258747524 2899026
1669258747557 2912097
1669258747591 2914735
1669258747624 2916504
1669258747657 2918128
1669258747691 2929670
1669258747724 2932071
1669258747757 2933793
1669258747791 2935373
1669258747824 2944957
1669258747857 2947140
1669258747891 2948743
1669258747924 2950275
1669258747957 2961520
1669258747991 2963773
1669258748024 2965443
1669258748057 2967014
1669258748091 2977606
1669258748124 2979729
1669258748157 2981354
1669258748191 2982899
1669258748224 2997819
1669258748257 2999712
1669258748291 3001192
1669258748324 3002520
1669258748357 3014635
1669258748391 3016718
1669258748424 3018178
1669258748457 3019647
1669258748491 3033910
1669258748524 3035935
1669258748557 3037417
1669258748591 3038772
1669258748624 3051337
1669258748657 3053423
1669258748691 3054985
1669258748724 3056400
1669258748757 3067376
1669258748791 3069547
1669258748824 3070984
1669258748857 3072412
1669258748891 3081652
1669258748924 3083867
1669258748957 3085448
1669258748991 3086921
1669258749024 3098373
1669258749057 3100512
1669258749091 3102119
1669258749124 3103673
1669258749157 3114430
1669258749191 3116572
1669258749224 3118047
1669258749257 3119491
1669258749291 3134273
1669258749324 3136499
1669258749357 3137994
1669258749391 3139537
1669258749424 3151977
1669258749457 3154015
1669258749491 3155544
1669258749524 3156879
1669258749557 3170955
1669258749591 3172900
1669258749624 3174369
1669258749657 3175918
1669258749691 3188408
1669258749724 3190635
1669258749757 3192231
1669258749791 3193693
1669258749824 3204875
1669258749857 3206778
1669258749891 3208341
1669258749924 3209720
1669258749957 3218653
1669258749991 3220481
1669258750024 3221928
1669258750057 3223499
1669258750091 3234008
1669258750124 3236209
1669258750157 3237602
1669258750191 3238983
1669258750224 3249250
1669258750257 3251074
1669258750291 3252527
1669258750324 3254012
1669258750357 3268133
1669258750391 3270055
1669258750424 3271570
1669258750457 3272965
1669258750491 3285009
1669258750524 3287266
1669258750557 3288881
1669258750591 3290415
1669258750624 3305199
1669258750657 3307623
1669258750691 3309380
1669258750724 3311082
1669258750757 3324196
1669258750791 3326841
1669258750824 3328625
1669258750857 3330525
1669258750891 3342206
1669258750924 3345452
1669258750957 3347787
1669258750991 3349907
1669258751024 3359239
1669258751057 3361877
1669258751091 3363959
1669258751124 3365665
1669258751157 3378014
1669258751191 3380537
1669258751224 3382181
1669258751257 3384179
1669258751291 3395382
1669258751324 3398023
1669258751357 3399758
1669258751391 3401495
1669258751424 3417137
1669258751457 3419448
1669258751491 3421315
1669258751524 3422882
1669258751557 3435847
1669258751591 3438295
1669258751624 3440090
1669258751657 3441864
1669258751691 3456878
1669258751724 3459485
1669258751757 3461221
1669258751791 3463010
1669258751824 3475396
1669258751857 3477623
1669258751891 3479451
1669258751924 3481082
1669258751957 3491658
1669258751991 3493790
1669258752024 3495336
1669258752057 3496909
1669258752091 3505281
1669258752124 3507203
1669258752157 3508547
1669258752191 3509855
1669258752224 3521226
1669258752257 3523624
1669258752291 3525309
1669258752324 3526972
1669258752357 3537958
1669258752391 3540230
1669258752424 3542067
1669258752457 3543669
1669258752491 3557925
1669258752524 3560211
1669258752557 3561768
1669258752591 3563356
1669258752624 3575292
1669258752657 3577551
1669258752691 3579242
1669258752724 3580694
1669258752757 3594667
1669258752791 3596704
1669258752824 3598219
1669258752857 3599674
1669258752891 3612066
1669258752924 3614453
1669258752957 3616039
1669258752991 3617645
1669258753024 3627886
1669258753057 3629888
1669258753091 3631587
1669258753124 3633010
1669258753157 3641616
1669258753191 3643618
1669258753224 3645152
1669258753257 3646715
1669258753291 3657449
1669258753324 3659887
1669258753357 3661548
1669258753391 3663197
1669258753424 3674963
1669258753457 3678013
1669258753491 3679890
1669258753524 3682034
1669258753557 3698542
1669258753591 3701737
1669258753624 3704097
1669258753657 3706258
1669258753691 3718515
1669258753724 3721143
1669258753757 3722830
1669258753791 3724567
1669258753827 3739526
1669258753857 3742349
1669258753891 3744271
1669258753924 3746178
1669258753957 3759815
1669258753991 3762882
1669258754024 3765131
1669258754057 3767171
1669258754091 3778384
1669258754124 3780999
1669258754157 3782888
1669258754191 3784617
1669258754224 3793955
1669258754257 3796282
1669258754291 3798118
1669258754324 3799687
1669258754357 3811559
1669258754391 3814055
1669258754424 3815787
1669258754458 3817683
1669258754491 3829193
1669258754524 3832234
1669258754557 3834283
1669258754591 3836273
1669258754624 3851797
1669258754658 3854399
1669258754691 3856337
1669258754724 3857909
1669258754757 3870464
1669258754791 3872970
1669258754824 3874918
1669258754858 3876730
1669258754891 3891793
1669258754924 3894582
1669258754957 3896339
1669258754991 3898243
1669258755024 3910780
1669258755057 3913603
1669258755091 3915730
1669258755124 3917717
1669258755158 3929559
1669258755191 3932586
1669258755224 3934865
1669258755257 3937122
1669258755291 3947060
1669258755324 3950115
1669258755357 3952257
1669258755391 3954374
1669258755424 3967411
1669258755457 3970667
1669258755491 3972934
1669258755524 3975065
1669258755557 3987364
1669258755591 3990255
1669258755624 3992328
1669258755657 3994325
1669258755691 4010493
1669258755724 4013781
1669258755757 4015794
1669258755791 4018130
1669258755824 4032072
1669258755858 4035313
1669258755891 4037843
1669258755924 4039949
1669258755958 4056221
1669258755991 4059553
1669258756024 4061764
1669258756057 4063808
1669258756091 4077560
1669258756124 4080664
1669258756157 4082804
1669258756191 4084826
1669258756224 4096365
1669258756257 4099240
1669258756291 4101358
1669258756324 4103088
1669258756358 4112140
1669258756391 4114466
1669258756424 4116291
1669258756458 4117984
1669258756491 4130113
1669258756524 4133153
1669258756557 4135266
1669258756591 4137269
1669258756624 4149634
1669258756657 4152433
1669258756691 4154664
1669258756724 4156550
1669258756757 4172816
1669258756791 4175406
1669258756824 4177452
1669258756857 4179427
1669258756891 4192934
1669258756924 4195860
1669258756958 4197846
1669258756991 4199827
1669258757024 4214676
1669258757058 4217202
1669258757091 4219056
1669258757124 4220697
1669258757157 4233370
1669258757191 4235858
1669258757224 4237720
1669258757258 4239507
1669258757291 4250171
1669258757324 4252884
1669258757357 4254617
1669258757391 4256352
1669258757424 4265560
1669258757457 4268163
1669258757491 4270160
1669258757524 4271819
1669258757558 4284456
1669258757591 4287515
1669258757624 4289494
1669258757657 4291665
1669258757691 4304611
1669258757724 4308315
1669258757757 4310627
1669258757791 4312838
1669258757824 4329720
1669258757857 4333332
1669258757891 4335573
1669258757924 4337978
1669258757957 4353426
1669258757991 4357487
1669258758024 4360270
1669258758057 4363234
1669258758091 4380557
1669258758124 4384468
1669258758157 4387263
1669258758191 4389915
1669258758224 4404278
1669258758257 4407606
1669258758291 4410147
1669258758324 4412302
1669258758358 4424509
1669258758391 4427468
1669258758424 4429415
1669258758458 4431462
1669258758491 4442094
1669258758524 4445025
1669258758557 4447156
1669258758591 4449233
1669258758624 4462165
1669258758657 4465098
1669258758691 4467330
1669258758724 4469189
1669258758758 4480657
1669258758791 4483185
1669258758824 4485286
1669258758858 4487058
1669258758891 4502589
1669258758924 4505158
1669258758958 4506981
1669258758991 4508835
1669258759024 4521584
1669258759058 4524205
1669258759091 4526075
1669258759124 4527740
1669258759158 4541526
1669258759191 4543711
1669258759224 4545316
1669258759257 4547014
1669258759291 4559557
1669258759324 4562206
1669258759358 4563906
1669258759391 4565962
1669258759424 4578403
1669258759458 4581498
1669258759491 4583851
1669258759524 4585825
1669258759558 4597367
1669258759591 4600075
1669258759624 4602264
1669258759658 4604283
1669258759691 4616638
1669258759724 4619624
1669258759757 4621510
1669258759791 4623474
1669258759824 4634739
1669258759858 4637392
1669258759891 4639425
1669258759924 4641284
1669258759958 4656134
1669258759991 4658562
1669258760024 4660251
1669258760058 4661876
1669258760091 4674305
1669258760124 4676769
1669258760158 4678449
1669258760191 4680079
1669258760224 4694722
1669258760258 4696902
1669258760291 4698585
1669258760324 4700105
1669258760358 4712291
1669258760391 4714397
1669258760424 4715929
1669258760458 4717504
1669258760491 4728190
1669258760524 4730536
1669258760558 4732105
1669258760591 4733452
1669258760624 4742545
1669258760658 4744538
1669258760691 4746141
1669258760724 4747516
1669258760758 4758628
1669258760791 4760716
1669258760824 4762174
1669258760858 4763734
1669258760891 4773763
1669258760924 4775842
1669258760958 4777267
1669258760991 4778672
1669258761024 4792883
1669258761058 4794754
1669258761091 4796164
1669258761124 4797355
1669258761158 4808903
1669258761191 4810750
1669258761224 4812013
1669258761258 4813324
1669258761291 4826825
1669258761324 4828745
1669258761358 4830125
1669258761391 4831282
1669258761424 4843251
1669258761458 4845225
1669258761491 4846700
1669258761524 4848037
1669258761558 4858324
1669258761591 4860499
1669258761624 4862014
1669258761658 4863452
1669258761691 4872477
1669258761724 4874712
1669258761758 4876251
1669258761791 4877723
1669258761824 4888942
1669258761858 4891308
1669258761891 4893042
1669258761924 4894591
1669258761958 4905535
1669258761991 4908253
1669258762024 4909860
1669258762058 4911889
1669258762091 4928395
1669258762124 4931516
1669258762158 4933614
1669258762192 4935690
1669258762224 4948889
1669258762258 4951476
1669258762291 4953476
1669258762324 4955179
1669258762358 4970100
1669258762391 4972579
1669258762424 4974240
1669258762458 4976052
1669258762491 4988592
1669258762524 4991116
1669258762558 4992924
1669258762591 4994506
1669258762624 5005670
1669258762658 5007959
1669258762691 5009677
1669258762724 5011215
1669258762758 5019814
1669258762791 5022096
1669258762824 5023652
1669258762858 5025236
1669258762891 5036357
1669258762924 5038727
1669258762958 5040416
1669258762991 5042000
1669258763024 5052516
1669258763058 5054891
1669258763091 5056692
1669258763124 5058310
1669258763158 5073937
1669258763191 5076511
1669258763224 5078417
1669258763258 5080204
1669258763291 5092660
1669258763324 5095185
1669258763358 5097144
1669258763391 5098984
1669258763424 5114154
1669258763458 5116915
1669258763491 5118885
1669258763524 5120825
1669258763558 5134497
1669258763591 5137382
1669258763624 5139405
1669258763658 5141420
1669258763691 5152623
1669258763724 5155644
1669258763758 5157718
1669258763791 5159603
1669258763824 5168982
1669258763858 5171619
1669258763891 5173727
1669258763924 5175454
1669258763958 5187293
1669258763991 5189888
1669258764024 5191650
1669258764058 5193414
1669258764091 5205531
1669258764124 5208229
1669258764158 5210199
1669258764191 5212193
1669258764233 5228216
1669258764260 5230774
1669258764291 5232666
1669258764324 5234460
1669258764358 5247523
1669258764391 5250043
1669258764424 5251852
1669258764458 5253441
1669258764491 5268002
1669258764524 5270156
1669258764558 5271757
1669258764591 5273269
1669258764624 5286094
1669258764658 5288332
1669258764691 5289878
1669258764724 5291415
1669258764758 5302531
1669258764791 5304742
1669258764824 5306421
1669258764858 5307917
1669258764891 5316678
1669258764924 5318733
1669258764958 5320204
1669258764991 5321550
1669258765024 5332388
1669258765058 5334449
1669258765091 5335943
1669258765124 5337330
1669258765158 5347787
1669258765191 5349899
1669258765224 5351397
1669258765258 5352831
1669258765291 5367059
1669258765324 5368826
1669258765358 5370348
1669258765391 5371575
1669258765424 5383083
1669258765458 5384883
1669258765491 5386232
1669258765524 5387459
1669258765558 5401135
1669258765591 5403106
1669258765624 5404478
1669258765658 5405756
1669258765691 5417529
1669258765724 5419671
1669258765758 5421269
1669258765791 5422686
1669258765824 5433183
1669258765858 5435042
1669258765891 5436368
1669258765924 5437752
1669258765958 5445841
1669258765991 5447574
1669258766024 5448933
1669258766058 5450138
1669258766091 5460309
1669258766124 5462080
1669258766158 5463530
1669258766191 5464807
1669258766224 5474935
1669258766258 5476831
1669258766291 5478251
1669258766324 5479651
1669258766358 5493952
1669258766391 5495844
1669258766424 5497157
1669258766458 5498495
1669258766491 5510130
1669258766524 5512003
1669258766558 5513592
1669258766591 5514946
1669258766624 5528673
1669258766658 5530498
1669258766691 5531864
1669258766724 5533223
1669258766758 5544717
1669258766791 5546586
1669258766824 5547963
1669258766858 5549217
1669258766891 5559738
1669258766924 5561770
1669258766958 5563349
1669258766991 5564899
1669258767024 5573596
1669258767058 5575556
1669258767091 5577004
1669258767124 5578404
1669258767158 5588856
1669258767191 5590876
1669258767224 5592291
1669258767258 5593605
1669258767291 5603706
1669258767324 5605589
1669258767358 5607145
1669258767391 5608434
1669258767424 5622943
